lastAccountName: CheetoPikachu
timestamps:
  login: 1587261917502
  logout: 1587261921712
ipAddress: 127.0.0.1
logoutlocation:
  world: world
  x: 161.44712368803098
  y: 160.0
  z: 76.83708723236661
  yaw: 155.86899
  pitch: 33.44999
lastlocation:
  world: world
  x: -16.82165548029227
  y: 57.885530442722505
  z: 203.9684145051848
  yaw: -122.56235
  pitch: 17.09978
