lastAccountName: padrepitufo
timestamps:
  login: 1587259651125
  logout: 1587260144444
  lastteleport: 1587259180495
ipAddress: 192.168.1.225
lastlocation:
  world: world
  x: 136.5
  y: 70.0
  z: 87.5
  yaw: 5.9528036
  pitch: 0.0
logoutlocation:
  world: world
  x: 132.81697388866846
  y: 162.0
  z: 46.997747041954035
  yaw: 298.3676
  pitch: 5.700089
afk: false
