lastAccountName: sesudos_pitufo
timestamps:
  login: 1587417294995
  logout: 1587420152369
ipAddress: 192.168.1.51
lastlocation:
  world: world
  x: 174.26620892238154
  y: 69.0
  z: 22.589214706451898
  yaw: -212.76337
  pitch: -3.1498199
logoutlocation:
  world: world
  x: 183.89404554217595
  y: 83.12605946248641
  z: 98.22860985887169
  yaw: 185.05042
  pitch: -47.69997
