lastAccountName: GrannyCook
timestamps:
  login: 1585864650454
  lastteleport: 1585865037336
  logout: 1585865254165
ipAddress: 192.168.1.227
lastlocation:
  world: world
  x: 206.464
  y: 240.5
  z: -252.539
  yaw: 1.0500002
  pitch: 27.15001
logoutlocation:
  world: world
  x: -211.94927738569652
  y: 69.72049201054263
  z: -564.7618949109277
  yaw: 138.20589
  pitch: -6.7500863
